0x4e00 22 11 10
0x962e 17 8 8
0x540c 16 8 8
0x4e09 14 7 7
0x58eb 14 7 8
0x7532 14 7 7
0x793e 14 7 7
0x7b2c 13 7 6
0x4e4b 12 6 6
0x4eba 12 5 6
0x5176 12 5 6
0x79d1 12 6 6
0x9032 12 6 6
0x9ece 12 6 6
0x6240 11 5 5
0x70ba 11 6 5
0x672c 10 5 4
0x9ad8 10 5 6
0x5609 9 5 5
0x8208 9 5 4
0x4e0d 8 4 5
0x4e8b 8 4 5
0x516c 8 4 3
0x666f 8 3 4
0x6771 8 4 4
0x7530 8 4 4
0x800c 8 4 5
0x8655 8 3 4
0x9322 8 4 3
0x4ee5 7 4 4
0x5f8c 7 4 4
0x6587 7 4 3
0x6797 7 4 4
0x8fd1 7 3 3
0x4e5f 6 3 3
0x4e8c 6 3 2
0x4e94 6 3 3
0x4f7f 6 3 4
0x5143 6 3 3
0x53c3 6 3 3
0x5584 6 3 3
0x62fe 6 3 3
0x65e5 6 2 3
0x6709 6 3 4
0x81f3 6 3 3
0x8cab 6 3 3
0x90e1 6 3 3
0x4ed5 5 3 3
0x4f8d 5 3 3
0x540d 5 2 2
0x5927 5 2 3
0x5b9a 5 3 2
0x66f0 5 3 3
0x66f8 5 2 2
0x6751 5 2 2
0x67d0 5 2 2
0x6bcf 5 3 3
0x6c0f 5 2 2
0x79ae 5 3 3
